rank_order <- c("1", "2", "3", "4", "No Tensor Decomposition")

rf_ehr_ecg_abp_6_f1_mean <- c(0.5659, 0.5663, 0.5759, 0.5789, 0.5339)
rf_ehr_ecg_abp_6_f1_std <-c(0.0658, 0.0633, 0.0715, 0.0705, 0.0644)

rf_ehr_ecg_abp_12_f1_mean <- c(0.5754, 0.5691, 0.5639, 0.5731, 0.5743)
rf_ehr_ecg_abp_12_f1_std <- c(0.0952, 0.0840, 0.0803, 0.0927, 0.0896)

rf_ecg_abp_6_f1_mean <- c(0.4911, 0.5070, 0.5069, 0.5197, 0.4894)
rf_ecg_abp_6_f1_std <- c(0.0608, 0.0571, 0.0551, 0.0633, 0.0632)

rf_ecg_abp_12_f1_mean <- c(0.4199, 0.4360, 0.4686, 0.4763, 0.4389)
rf_ecg_abp_12_f1_std <- c(0.0756, 0.0735, 0.0741, 0.0792, 0.0829)

rf_ecg_6_f1_mean <- c(0.4551, 0.4743, 0.4665, 0.4839, 0.4080)
rf_ecg_6_f1_std <- c(0.0554, 0.0548, 0.0558, 0.0558, 0.0570)

rf_ecg_12_f1_mean <- c(0.4270, 0.4405, 0.4661, 0.4750, 0.3756)
rf_ecg_12_f1_std <- c(0.0779, 0.0775, 0.0754, 0.0870, 0.0749)

rf_abp_6_f1_mean <- c(0.4811, 0.4796, 0.4779, 0.4814, 0.5046)
rf_abp_6_f1_std <- c(0.0548, 0.0555, 0.0561, 0.0558, 0.0627)

rf_abp_12_f1_mean <- c(0.3996, 0.3740, 0.3693, 0.3672, 0.4624)
rf_abp_12_f1_std <- c(0.0662, 0.0645, 0.0562, 0.0564, 0.0746)

rf_ecg_abp_6_f1_mean <- c(0.5600, 0.5600, 0.5600, 0.5600, 0.5600)
rf_ecg_abp_6_f1_std <- c(0.0637, 0.0637, 0.0637, 0.0637, 0.0637)

rf_ehr_12_f1_mean <- 0.5769
rf_ehr_12_f1_std <- 0.0834

svm_ehr_ecg_abp_6_f1_mean <- c(0.4935, 0.4509, 0.4428, 0.4331, 0.5234)
svm_ehr_ecg_abp_6_f1_std <-c(0.0712, 0.0775, 0.0692, 0.0669, 0.0613)

svm_ehr_ecg_abp_12_f1_mean <- c(0.4261, 0.3934, 0.3689, 0.3470, 0.5261)
svm_ehr_ecg_abp_12_f1_std <- c(0.0861, 0.1005, 0.0886, 0.0941, 0.0856)

svm_ecg_abp_6_f1_mean <- c(0.4224, 0.4122, 0.4258, 0.4214, 0.4738)
svm_ecg_abp_6_f1_std <- c(0.0752, 0.0692, 0.0728, 0.0787, 0.0709)

svm_ecg_abp_12_f1_mean <- c(0.3158, 0.3236, 0.3251, 0.3268, 0.3561)
svm_ecg_abp_12_f1_std <- c(0.0725, 0.0814, 0.0757, 0.0721, 0.0737)

svm_ecg_6_f1_mean <- c(0.3692, 0.3759, 0.3819, 0.3806, 0.4409)
svm_ecg_6_f1_std <- c(0.0811, 0.0824, 0.0848, 0.0899, 0.0661)

svm_ecg_12_f1_mean <- c(0.3119, 0.3267, 0.3188, 0.3505, 0.3954)
svm_ecg_12_f1_std <- c(0.0991, 0.0946, 0.0946, 0.0975, 0.0751)

svm_abp_6_f1_mean <- c(0.4615, 0.4472, 0.4465, 0.4459, 0.4464)
svm_abp_6_f1_std <- c(0.0578, 0.0650, 0.0599, 0.0629, 0.0789)

svm_abp_12_f1_mean <- c(0.3739, 0.3625, 0.3724, 0.3629, 0.3571)
svm_abp_12_f1_std <- c(0.0604, 0.0636, 0.0695, 0.0756, 0.0772)

svm_ehr_6_f1_mean <- 0.5106
svm_ehr_6_f1_std <- 0.0702

svm_ehr_12_f1_mean <- 0.5280
svm_ehr_12_f1_std <- 0.0879

lucck_ehr_ecg_abp_6_f1_mean <- c(0.5316, 0.5289, 0.5312, 0.5347, 0.5190)
lucck_ehr_ecg_abp_6_f1_std <-c(0.0593, 0.0598, 0.0653, 0.0661, 0.0636)

lucck_ehr_ecg_abp_12_f1_mean <- c(0.5650, 0.5633, 0.5543, 0.5625, 0.5505)
lucck_ehr_ecg_abp_12_f1_std <- c(0.0947, 0.0865, 0.0875, 0.0852, 0.0739)

lucck_ecg_abp_6_f1_mean <- c(0.5030, 0.5206, 0.5086, 0.5080, 0.4987)
lucck_ecg_abp_6_f1_std <- c(0.0734, 0.0666, 0.0621, 0.0643, 0.0643)

lucck_ecg_abp_12_f1_mean <- c(0.4461, 0.4515, 0.4660, 0.4557, 0.4422)
lucck_ecg_abp_12_f1_std <- c(0.0834, 0.0740, 0.0735, 0.0812, 0.0647)

lucck_ecg_6_f1_mean <- c(0.4660, 0.4779, 0.4785, 0.4844, 0.4313)
lucck_ecg_6_f1_std <- c(0.0829, 0.0713, 0.0663, 0.0650, 0.0612)

lucck_ecg_12_f1_mean <- c(0.4667, 0.4739, 0.4905, 0.4903, 0.4125)
lucck_ecg_12_f1_std <- c(0.0956, 0.0916, 0.0827, 0.0890, 0.0762)

lucck_abp_6_f1_mean <- c(0.4842, 0.4912, 0.4807, 0.4836, 0.5088)
lucck_abp_6_f1_std <- c(0.0565, 0.0623, 0.0593, 0.0577, 0.0668)

lucck_abp_12_f1_mean <- c(0.4049, 0.3962, 0.4006, 0.3956, 0.4561)
lucck_abp_12_f1_std <- c(0.0620, 0.0703, 0.0579, 0.0667, 0.0785)

lucck_ehr_6_f1_mean <- 0.5251
lucck_ehr_6_f1_std <- 0.0580

lucck_ehr_12_f1_mean <- 0.5658
lucck_ehr_12_f1_std <- 0.0938

rf_ehr_ecg_abp_6_auc_mean <- c(0.7581, 0.7686, 0.7716, 0.7691, 0.7413) 
rf_ehr_ecg_abp_6_auc_std <-c(0.0592, 0.0606, 0.0613, 0.0617, 0.0587)

rf_ehr_ecg_abp_12_auc_mean <- c(0.8418, 0.8412, 0.8370, 0.8390, 0.8282)
rf_ehr_ecg_abp_12_auc_std <- c(0.0541, 0.0580, 0.0538, 0.0567, 0.0582)

rf_ecg_abp_6_auc_mean <- c(0.6823, 0.6992, 0.6967, 0.7064, 0.6855)
rf_ecg_abp_6_auc_std <- c(0.0670, 0.0620, 0.0548, 0.0650, 0.0683)

rf_ecg_abp_12_auc_mean <- c(0.6830, 0.6973, 0.7240, 0.7375, 0.7187)
rf_ecg_abp_12_auc_std <- c(0.0859, 0.0758, 0.0762, 0.0724, 0.0723)

rf_ecg_6_auc_mean <- c(0.6409, 0.6644, 0.6563, 0.6690, 0.5693)
rf_ecg_6_auc_std <- c(0.0646, 0.0581, 0.0596, 0.0644, 0.0764)

rf_ecg_12_auc_mean <- c(0.6771, 0.6870, 0.7162, 0.7272, 0.6180)
rf_ecg_12_auc_std <- c(0.0850, 0.0797, 0.0757, 0.0791, 0.0948)

rf_abp_6_auc_mean <- c(0.6633, 0.6683, 0.6685, 0.6666, 0.7009)
rf_abp_6_auc_std <- c(0.0702, 0.0636, 0.0722, 0.0683, 0.0632)

rf_abp_12_auc_mean <- c(0.6401, 0.6090, 0.5996, 0.6037, 0.7321)
rf_abp_12_auc_std <- c(0.0857, 0.0946, 0.0891, 0.0862, 0.0740)

rf_ehr_6_auc_mean <- 0.7509
rf_ehr_6_auc_std <- 0.0640

rf_ehr_12_auc_mean <- 0.8322
rf_ehr_12_auc_std <- 0.0587

svm_ehr_ecg_abp_6_auc_mean <- c(0.6714, 0.6155, 0.6002, 0.5835, 0.7156)
svm_ehr_ecg_abp_6_auc_std <-c(0.0784, 0.0986, 0.0970, 0.0851, 0.0633)

svm_ehr_ecg_abp_12_auc_mean <- c(0.6660, 0.6104, 0.5839, 0.5290, 0.7901)
svm_ehr_ecg_abp_12_auc_std <- c(0.0984, 0.1270, 0.1257, 0.1142, 0.0654)

svm_ecg_abp_6_auc_mean <- c(0.5756, 0.5693, 0.5782, 0.5763, 0.6250)
svm_ecg_abp_6_auc_std <- c(0.0933, 0.0897, 0.0882, 0.0953, 0.0804)

svm_ecg_abp_12_auc_mean <- c(0.4907, 0.5113, 0.5106, 0.5085, 0.5604)
svm_ecg_abp_12_auc_std <- c(0.0997, 0.1186, 0.1087, 0.1085, 0.1151)

svm_ecg_6_auc_mean <- c(0.4863, 0.4963, 0.5037, 0.4978, 0.6205)
svm_ecg_6_auc_std <- c(0.0955, 0.1014, 0.1031, 0.1066, 0.0859)

svm_ecg_12_auc_mean <- c(0.4580, 0.4842, 0.4784, 0.5159, 0.6351)
svm_ecg_12_auc_std <- c(0.1180, 0.1263, 0.1133, 0.1293, 0.0972)

svm_abp_6_auc_mean <- c(0.6163, 0.6080, 0.6026, 0.6119, 0.5750)
svm_abp_6_auc_std <- c(0.0764, 0.0842, 0.0891, 0.0917, 0.0993)

svm_abp_12_auc_mean <- c(0.6169, 0.5839, 0.5939, 0.5859, 0.5463)
svm_abp_12_auc_std <- c(0.0947, 0.0992, 0.1053, 0.0999, 0.1189)

svm_ehr_6_auc_mean <- 0.6933
svm_ehr_6_auc_std <- 0.0730

svm_ehr_12_auc_mean <- 0.7947
svm_ehr_12_auc_std <- 0.0703

lucck_ehr_ecg_abp_6_auc_mean <- c(0.7351, 0.7354, 0.7316, 0.7305, 0.7152)
lucck_ehr_ecg_abp_6_auc_std <-c(0.0652, 0.0692, 0.0694, 0.0689, 0.0697)

lucck_ehr_ecg_abp_12_auc_mean <- c(0.8233, 0.8233, 0.8210, 0.8256, 0.7979)
lucck_ehr_ecg_abp_12_auc_std <- c(0.0598, 0.0613, 0.0607, 0.0635, 0.0584)

lucck_ecg_abp_6_auc_mean <- c(0.6932, 0.7073, 0.6992, 0.7021, 0.6906)
lucck_ecg_abp_6_auc_std <- c(0.0768, 0.0700, 0.0642, 0.0641, 0.0689)

lucck_ecg_abp_12_auc_mean <- c(0.7203, 0.7249, 0.7323, 0.7149, 0.7208)
lucck_ecg_abp_12_auc_std <- c(0.0750, 0.0710, 0.0692, 0.0804, 0.0615)

lucck_ecg_6_auc_mean <- c(0.6146, 0.6421, 0.6355, 0.6489, 0.6038)
lucck_ecg_6_auc_std <- c(0.0888, 0.0849, 0.0812, 0.0732, 0.0735)

lucck_ecg_12_auc_mean <- c(0.6855, 0.6840, 0.7134, 0.7200, 0.6485)
lucck_ecg_12_auc_std <- c(0.0985, 0.1003, 0.0868, 0.0861, 0.0876)

lucck_abp_6_auc_mean <- c(0.6763, 0.6766, 0.6690, 0.6719, 0.7065)
lucck_abp_6_auc_std <- c(0.0703, 0.0731, 0.0683, 0.0710, 0.0652)

lucck_abp_12_auc_mean <- c(0.6629, 0.6467, 0.6523, 0.6476, 0.7232)
lucck_abp_12_auc_std <- c(0.0824, 0.0911, 0.0869, 0.0961, 0.0731)

lucck_ehr_6_auc_mean <- 0.7309
lucck_ehr_6_auc_std <- 0.0637

lucck_ehr_12_auc_mean <- 0.8204
lucck_ehr_12_auc_std <- 0.0591